  File: .
  Size: 4096      	Blocks: 8          IO Block: 4096   directory
Device: 830h/2096d	Inode: 82813       Links: 3
Access: (0755/drwxr-xr-x)  Uid: ( 1000/andrea11)   Gid: ( 1000/andrea11)
Access: 2025-10-22 12:04:13.833405337 +0200
Modify: 2025-10-22 12:14:21.929159886 +0200
Change: 2025-10-22 12:14:21.929159886 +0200
 Birth: 2025-10-09 15:51:51.577512713 +0200
nuova shell
